2019/05/13-18:21:41.518211 387c RocksDB version: 5.17.2
2019/05/13-18:21:41.518244 387c Git sha rocksdb_build_git_sha:@f438b98e552010613cff8684a7d84191ed785148@
2019/05/13-18:21:41.518257 387c Compile date Nov 27 2018
2019/05/13-18:21:41.518266 387c DB SUMMARY
2019/05/13-18:21:41.518321 387c SST files in E:\work\src\nuls2.0\module\data\consensus\consensus_agent11\rocksdb dir, Total Num: 0, files: 
2019/05/13-18:21:41.518333 387c Write Ahead Log file in E:\work\src\nuls2.0\module\data\consensus\consensus_agent11\rocksdb: 
2019/05/13-18:21:41.518342 387c                         Options.error_if_exists: 0
2019/05/13-18:21:41.518352 387c                       Options.create_if_missing: 1
2019/05/13-18:21:41.518360 387c                         Options.paranoid_checks: 1
2019/05/13-18:21:41.518462 387c                                     Options.env: 0000011953D4DFA0
2019/05/13-18:21:41.518468 387c                                Options.info_log: 0000011953DC85F0
2019/05/13-18:21:41.518472 387c                Options.max_file_opening_threads: 16
2019/05/13-18:21:41.518476 387c                              Options.statistics: 0000000000000000
2019/05/13-18:21:41.518480 387c                               Options.use_fsync: 0
2019/05/13-18:21:41.518484 387c                       Options.max_log_file_size: 0
2019/05/13-18:21:41.518487 387c                  Options.max_manifest_file_size: 1073741824
2019/05/13-18:21:41.518491 387c                   Options.log_file_time_to_roll: 0
2019/05/13-18:21:41.518495 387c                       Options.keep_log_file_num: 1000
2019/05/13-18:21:41.518498 387c                    Options.recycle_log_file_num: 0
2019/05/13-18:21:41.518502 387c                         Options.allow_fallocate: 1
2019/05/13-18:21:41.518506 387c                        Options.allow_mmap_reads: 0
2019/05/13-18:21:41.518509 387c                       Options.allow_mmap_writes: 0
2019/05/13-18:21:41.518513 387c                        Options.use_direct_reads: 0
2019/05/13-18:21:41.518517 387c                        Options.use_direct_io_for_flush_and_compaction: 0
2019/05/13-18:21:41.518521 387c          Options.create_missing_column_families: 0
2019/05/13-18:21:41.518524 387c                              Options.db_log_dir: 
2019/05/13-18:21:41.518528 387c                                 Options.wal_dir: E:\work\src\nuls2.0\module\data\consensus\consensus_agent11\rocksdb
2019/05/13-18:21:41.518532 387c                Options.table_cache_numshardbits: 6
2019/05/13-18:21:41.518535 387c                      Options.max_subcompactions: 1
2019/05/13-18:21:41.518539 387c                  Options.max_background_flushes: -1
2019/05/13-18:21:41.518543 387c                         Options.WAL_ttl_seconds: 0
2019/05/13-18:21:41.518546 387c                       Options.WAL_size_limit_MB: 0
2019/05/13-18:21:41.518550 387c             Options.manifest_preallocation_size: 4194304
2019/05/13-18:21:41.518554 387c                     Options.is_fd_close_on_exec: 1
2019/05/13-18:21:41.518557 387c                   Options.advise_random_on_open: 1
2019/05/13-18:21:41.518561 387c                    Options.db_write_buffer_size: 0
2019/05/13-18:21:41.518564 387c                    Options.write_buffer_manager: 0000011953DC5750
2019/05/13-18:21:41.518568 387c         Options.access_hint_on_compaction_start: 1
2019/05/13-18:21:41.518572 387c  Options.new_table_reader_for_compaction_inputs: 0
2019/05/13-18:21:41.518576 387c           Options.random_access_max_buffer_size: 1048576
2019/05/13-18:21:41.518579 387c                      Options.use_adaptive_mutex: 0
2019/05/13-18:21:41.518583 387c                            Options.rate_limiter: 0000000000000000
2019/05/13-18:21:41.518587 387c     Options.sst_file_manager.rate_bytes_per_sec: 0
2019/05/13-18:21:41.518591 387c                       Options.wal_recovery_mode: 2
2019/05/13-18:21:41.518594 387c                  Options.enable_thread_tracking: 0
2019/05/13-18:21:41.518598 387c                  Options.enable_pipelined_write: 0
2019/05/13-18:21:41.518602 387c         Options.allow_concurrent_memtable_write: 1
2019/05/13-18:21:41.518626 387c      Options.enable_write_thread_adaptive_yield: 1
2019/05/13-18:21:41.518631 387c             Options.write_thread_max_yield_usec: 100
2019/05/13-18:21:41.518635 387c            Options.write_thread_slow_yield_usec: 3
2019/05/13-18:21:41.518639 387c                               Options.row_cache: None
2019/05/13-18:21:41.518643 387c                              Options.wal_filter: None
2019/05/13-18:21:41.518647 387c             Options.avoid_flush_during_recovery: 0
2019/05/13-18:21:41.518650 387c             Options.allow_ingest_behind: 0
2019/05/13-18:21:41.518654 387c             Options.preserve_deletes: 0
2019/05/13-18:21:41.518657 387c             Options.two_write_queues: 0
2019/05/13-18:21:41.518661 387c             Options.manual_wal_flush: 0
2019/05/13-18:21:41.518664 387c             Options.max_background_jobs: 2
2019/05/13-18:21:41.518668 387c             Options.max_background_compactions: -1
2019/05/13-18:21:41.518671 387c             Options.avoid_flush_during_shutdown: 0
2019/05/13-18:21:41.518675 387c           Options.writable_file_max_buffer_size: 1048576
2019/05/13-18:21:41.518678 387c             Options.delayed_write_rate : 16777216
2019/05/13-18:21:41.518682 387c             Options.max_total_wal_size: 0
2019/05/13-18:21:41.518686 387c             Options.delete_obsolete_files_period_micros: 21600000000
2019/05/13-18:21:41.518690 387c                   Options.stats_dump_period_sec: 600
2019/05/13-18:21:41.518693 387c                          Options.max_open_files: -1
2019/05/13-18:21:41.518697 387c                          Options.bytes_per_sync: 0
2019/05/13-18:21:41.518700 387c                      Options.wal_bytes_per_sync: 0
2019/05/13-18:21:41.518704 387c       Options.compaction_readahead_size: 0
2019/05/13-18:21:41.518708 387c Compression algorithms supported:
2019/05/13-18:21:41.518713 387c 	kZSTD supported: 0
2019/05/13-18:21:41.518716 387c 	kSnappyCompression supported: 0
2019/05/13-18:21:41.518720 387c 	kBZip2Compression supported: 0
2019/05/13-18:21:41.518724 387c 	kZlibCompression supported: 0
2019/05/13-18:21:41.518727 387c 	kLZ4Compression supported: 0
2019/05/13-18:21:41.518731 387c 	kXpressCompression supported: 0
2019/05/13-18:21:41.518734 387c 	kLZ4HCCompression supported: 0
2019/05/13-18:21:41.518738 387c 	kZSTDNotFinalCompression supported: 0
2019/05/13-18:21:41.518743 387c Fast CRC32 supported: Supported on x86
2019/05/13-18:21:41.518996 387c [c:\users\aretter\code\rocksdb\db\db_impl_open.cc:230] Creating manifest 1 
2019/05/13-18:21:41.525002 387c [c:\users\aretter\code\rocksdb\db\version_set.cc:3406] Recovering from manifest file: MANIFEST-000001
2019/05/13-18:21:41.525067 387c [c:\users\aretter\code\rocksdb\db\column_family.cc:475] --------------- Options for column family [default]:
2019/05/13-18:21:41.525074 387c               Options.comparator: leveldb.BytewiseComparator
2019/05/13-18:21:41.525078 387c           Options.merge_operator: None
2019/05/13-18:21:41.525081 387c        Options.compaction_filter: None
2019/05/13-18:21:41.525085 387c        Options.compaction_filter_factory: None
2019/05/13-18:21:41.525089 387c         Options.memtable_factory: SkipListFactory
2019/05/13-18:21:41.525092 387c            Options.table_factory: BlockBasedTable
2019/05/13-18:21:41.525120 387c            table_factory options:   flush_block_policy_factory: FlushBlockBySizePolicyFactory (00000119547E2530)
  cache_index_and_filter_blocks: 0
  cache_index_and_filter_blocks_with_high_priority: 0
  pin_l0_filter_and_index_blocks_in_cache: 0
  pin_top_level_index_and_filter: 1
  index_type: 0
  hash_index_allow_collision: 1
  checksum: 1
  no_block_cache: 0
  block_cache: 00000119547E6930
  block_cache_name: LRUCache
  block_cache_options:
    capacity : 8388608
    num_shard_bits : 4
    strict_capacity_limit : 0
    high_pri_pool_ratio: 0.000
  block_cache_compressed: 0000000000000000
  persistent_cache: 0000000000000000
  block_size: 4096
  block_size_deviation: 10
  block_restart_interval: 16
  index_block_restart_interval: 1
  metadata_block_size: 4096
  partition_filters: 0
  use_delta_encoding: 1
  filter_policy: nullptr
  whole_key_filtering: 1
  verify_compression: 0
  read_amp_bytes_per_bit: 0
  format_version: 2
  enable_index_compression: 1
  block_align: 0
2019/05/13-18:21:41.525161 387c        Options.write_buffer_size: 67108864
2019/05/13-18:21:41.525166 387c  Options.max_write_buffer_number: 2
2019/05/13-18:21:41.525170 387c          Options.compression: NoCompression
2019/05/13-18:21:41.525174 387c                  Options.bottommost_compression: Disabled
2019/05/13-18:21:41.525177 387c       Options.prefix_extractor: nullptr
2019/05/13-18:21:41.525181 387c   Options.memtable_insert_with_hint_prefix_extractor: nullptr
2019/05/13-18:21:41.525184 387c             Options.num_levels: 7
2019/05/13-18:21:41.525188 387c        Options.min_write_buffer_number_to_merge: 1
2019/05/13-18:21:41.525192 387c     Options.max_write_buffer_number_to_maintain: 0
2019/05/13-18:21:41.525195 387c            Options.bottommost_compression_opts.window_bits: -14
2019/05/13-18:21:41.525199 387c                  Options.bottommost_compression_opts.level: 32767
2019/05/13-18:21:41.525203 387c               Options.bottommost_compression_opts.strategy: 0
2019/05/13-18:21:41.525207 387c         Options.bottommost_compression_opts.max_dict_bytes: 0
2019/05/13-18:21:41.525210 387c         Options.bottommost_compression_opts.zstd_max_train_bytes: 0
2019/05/13-18:21:41.525214 387c                  Options.bottommost_compression_opts.enabled: false
2019/05/13-18:21:41.525218 387c            Options.compression_opts.window_bits: -14
2019/05/13-18:21:41.525222 387c                  Options.compression_opts.level: 32767
2019/05/13-18:21:41.525225 387c               Options.compression_opts.strategy: 0
2019/05/13-18:21:41.525229 387c         Options.compression_opts.max_dict_bytes: 0
2019/05/13-18:21:41.525233 387c         Options.compression_opts.zstd_max_train_bytes: 0
2019/05/13-18:21:41.525237 387c                  Options.compression_opts.enabled: false
2019/05/13-18:21:41.525240 387c      Options.level0_file_num_compaction_trigger: 4
2019/05/13-18:21:41.525244 387c          Options.level0_slowdown_writes_trigger: 20
2019/05/13-18:21:41.525247 387c              Options.level0_stop_writes_trigger: 36
2019/05/13-18:21:41.525251 387c                   Options.target_file_size_base: 67108864
2019/05/13-18:21:41.525255 387c             Options.target_file_size_multiplier: 1
2019/05/13-18:21:41.525258 387c                Options.max_bytes_for_level_base: 268435456
2019/05/13-18:21:41.525262 387c Options.level_compaction_dynamic_level_bytes: 0
2019/05/13-18:21:41.525266 387c          Options.max_bytes_for_level_multiplier: 10.000000
2019/05/13-18:21:41.525271 387c Options.max_bytes_for_level_multiplier_addtl[0]: 1
2019/05/13-18:21:41.525276 387c Options.max_bytes_for_level_multiplier_addtl[1]: 1
2019/05/13-18:21:41.525280 387c Options.max_bytes_for_level_multiplier_addtl[2]: 1
2019/05/13-18:21:41.525283 387c Options.max_bytes_for_level_multiplier_addtl[3]: 1
2019/05/13-18:21:41.525287 387c Options.max_bytes_for_level_multiplier_addtl[4]: 1
2019/05/13-18:21:41.525291 387c Options.max_bytes_for_level_multiplier_addtl[5]: 1
2019/05/13-18:21:41.525295 387c Options.max_bytes_for_level_multiplier_addtl[6]: 1
2019/05/13-18:21:41.525298 387c       Options.max_sequential_skip_in_iterations: 8
2019/05/13-18:21:41.525302 387c                    Options.max_compaction_bytes: 1677721600
2019/05/13-18:21:41.525306 387c                        Options.arena_block_size: 8388608
2019/05/13-18:21:41.525309 387c   Options.soft_pending_compaction_bytes_limit: 68719476736
2019/05/13-18:21:41.525313 387c   Options.hard_pending_compaction_bytes_limit: 274877906944
2019/05/13-18:21:41.525317 387c       Options.rate_limit_delay_max_milliseconds: 100
2019/05/13-18:21:41.525320 387c                Options.disable_auto_compactions: 0
2019/05/13-18:21:41.525325 387c                        Options.compaction_style: kCompactionStyleLevel
2019/05/13-18:21:41.525329 387c                          Options.compaction_pri: kByCompensatedSize
2019/05/13-18:21:41.525334 387c Options.compaction_options_universal.size_ratio: 1
2019/05/13-18:21:41.525338 387c Options.compaction_options_universal.min_merge_width: 2
2019/05/13-18:21:41.525342 387c Options.compaction_options_universal.max_merge_width: 4294967295
2019/05/13-18:21:41.525346 387c Options.compaction_options_universal.max_size_amplification_percent: 200
2019/05/13-18:21:41.525350 387c Options.compaction_options_universal.compression_size_percent: -1
2019/05/13-18:21:41.525354 387c Options.compaction_options_universal.stop_style: kCompactionStopStyleTotalSize
2019/05/13-18:21:41.525358 387c Options.compaction_options_fifo.max_table_files_size: 1073741824
2019/05/13-18:21:41.525362 387c Options.compaction_options_fifo.allow_compaction: 0
2019/05/13-18:21:41.525365 387c Options.compaction_options_fifo.ttl: 0
2019/05/13-18:21:41.525369 387c                   Options.table_properties_collectors: 
2019/05/13-18:21:41.525373 387c                   Options.inplace_update_support: 0
2019/05/13-18:21:41.525376 387c                 Options.inplace_update_num_locks: 10000
2019/05/13-18:21:41.525380 387c               Options.memtable_prefix_bloom_size_ratio: 0.000000
2019/05/13-18:21:41.525384 387c   Options.memtable_huge_page_size: 0
2019/05/13-18:21:41.525388 387c                           Options.bloom_locality: 0
2019/05/13-18:21:41.525392 387c                    Options.max_successive_merges: 0
2019/05/13-18:21:41.525395 387c                Options.optimize_filters_for_hits: 0
2019/05/13-18:21:41.525399 387c                Options.paranoid_file_checks: 0
2019/05/13-18:21:41.525402 387c                Options.force_consistency_checks: 0
2019/05/13-18:21:41.525406 387c                Options.report_bg_io_stats: 0
2019/05/13-18:21:41.525409 387c                               Options.ttl: 0
2019/05/13-18:21:41.526463 387c [c:\users\aretter\code\rocksdb\db\version_set.cc:3610] Recovered from manifest file:E:\work\src\nuls2.0\module\data\consensus\consensus_agent11\rocksdb/MANIFEST-000001 succeeded,manifest_file_number is 1, next_file_number is 3, last_sequence is 0, log_number is 0,prev_log_number is 0,max_column_family is 0,min_log_number_to_keep is 0
2019/05/13-18:21:41.526477 387c [c:\users\aretter\code\rocksdb\db\version_set.cc:3618] Column family [default] (ID 0), log number is 0
2019/05/13-18:21:41.529848 387c [c:\users\aretter\code\rocksdb\db\db_impl_open.cc:1287] DB pointer 0000011954847060
