2019/05/13-18:21:41.531475 387c RocksDB version: 5.17.2
2019/05/13-18:21:41.531514 387c Git sha rocksdb_build_git_sha:@f438b98e552010613cff8684a7d84191ed785148@
2019/05/13-18:21:41.531527 387c Compile date Nov 27 2018
2019/05/13-18:21:41.531536 387c DB SUMMARY
2019/05/13-18:21:41.531587 387c SST files in E:\work\src\nuls2.0\module\data\consensus\consensus_deposit11\rocksdb dir, Total Num: 0, files: 
2019/05/13-18:21:41.531599 387c Write Ahead Log file in E:\work\src\nuls2.0\module\data\consensus\consensus_deposit11\rocksdb: 
2019/05/13-18:21:41.531609 387c                         Options.error_if_exists: 0
2019/05/13-18:21:41.531618 387c                       Options.create_if_missing: 1
2019/05/13-18:21:41.531626 387c                         Options.paranoid_checks: 1
2019/05/13-18:21:41.531770 387c                                     Options.env: 0000011953D4DFA0
2019/05/13-18:21:41.531777 387c                                Options.info_log: 0000011953DC7E20
2019/05/13-18:21:41.531781 387c                Options.max_file_opening_threads: 16
2019/05/13-18:21:41.531784 387c                              Options.statistics: 0000000000000000
2019/05/13-18:21:41.531788 387c                               Options.use_fsync: 0
2019/05/13-18:21:41.531792 387c                       Options.max_log_file_size: 0
2019/05/13-18:21:41.531795 387c                  Options.max_manifest_file_size: 1073741824
2019/05/13-18:21:41.531799 387c                   Options.log_file_time_to_roll: 0
2019/05/13-18:21:41.531803 387c                       Options.keep_log_file_num: 1000
2019/05/13-18:21:41.531806 387c                    Options.recycle_log_file_num: 0
2019/05/13-18:21:41.531810 387c                         Options.allow_fallocate: 1
2019/05/13-18:21:41.531814 387c                        Options.allow_mmap_reads: 0
2019/05/13-18:21:41.531817 387c                       Options.allow_mmap_writes: 0
2019/05/13-18:21:41.531821 387c                        Options.use_direct_reads: 0
2019/05/13-18:21:41.531825 387c                        Options.use_direct_io_for_flush_and_compaction: 0
2019/05/13-18:21:41.531829 387c          Options.create_missing_column_families: 0
2019/05/13-18:21:41.531832 387c                              Options.db_log_dir: 
2019/05/13-18:21:41.531836 387c                                 Options.wal_dir: E:\work\src\nuls2.0\module\data\consensus\consensus_deposit11\rocksdb
2019/05/13-18:21:41.531840 387c                Options.table_cache_numshardbits: 6
2019/05/13-18:21:41.531843 387c                      Options.max_subcompactions: 1
2019/05/13-18:21:41.531847 387c                  Options.max_background_flushes: -1
2019/05/13-18:21:41.531850 387c                         Options.WAL_ttl_seconds: 0
2019/05/13-18:21:41.531854 387c                       Options.WAL_size_limit_MB: 0
2019/05/13-18:21:41.531858 387c             Options.manifest_preallocation_size: 4194304
2019/05/13-18:21:41.531862 387c                     Options.is_fd_close_on_exec: 1
2019/05/13-18:21:41.531865 387c                   Options.advise_random_on_open: 1
2019/05/13-18:21:41.531869 387c                    Options.db_write_buffer_size: 0
2019/05/13-18:21:41.531872 387c                    Options.write_buffer_manager: 00000119547E5EF0
2019/05/13-18:21:41.531876 387c         Options.access_hint_on_compaction_start: 1
2019/05/13-18:21:41.531880 387c  Options.new_table_reader_for_compaction_inputs: 0
2019/05/13-18:21:41.531883 387c           Options.random_access_max_buffer_size: 1048576
2019/05/13-18:21:41.531887 387c                      Options.use_adaptive_mutex: 0
2019/05/13-18:21:41.531891 387c                            Options.rate_limiter: 0000000000000000
2019/05/13-18:21:41.531895 387c     Options.sst_file_manager.rate_bytes_per_sec: 0
2019/05/13-18:21:41.531899 387c                       Options.wal_recovery_mode: 2
2019/05/13-18:21:41.531902 387c                  Options.enable_thread_tracking: 0
2019/05/13-18:21:41.531906 387c                  Options.enable_pipelined_write: 0
2019/05/13-18:21:41.531910 387c         Options.allow_concurrent_memtable_write: 1
2019/05/13-18:21:41.531934 387c      Options.enable_write_thread_adaptive_yield: 1
2019/05/13-18:21:41.531939 387c             Options.write_thread_max_yield_usec: 100
2019/05/13-18:21:41.531943 387c            Options.write_thread_slow_yield_usec: 3
2019/05/13-18:21:41.531946 387c                               Options.row_cache: None
2019/05/13-18:21:41.531950 387c                              Options.wal_filter: None
2019/05/13-18:21:41.531954 387c             Options.avoid_flush_during_recovery: 0
2019/05/13-18:21:41.531958 387c             Options.allow_ingest_behind: 0
2019/05/13-18:21:41.531961 387c             Options.preserve_deletes: 0
2019/05/13-18:21:41.531965 387c             Options.two_write_queues: 0
2019/05/13-18:21:41.531968 387c             Options.manual_wal_flush: 0
2019/05/13-18:21:41.531972 387c             Options.max_background_jobs: 2
2019/05/13-18:21:41.531975 387c             Options.max_background_compactions: -1
2019/05/13-18:21:41.531979 387c             Options.avoid_flush_during_shutdown: 0
2019/05/13-18:21:41.531982 387c           Options.writable_file_max_buffer_size: 1048576
2019/05/13-18:21:41.531986 387c             Options.delayed_write_rate : 16777216
2019/05/13-18:21:41.531990 387c             Options.max_total_wal_size: 0
2019/05/13-18:21:41.531993 387c             Options.delete_obsolete_files_period_micros: 21600000000
2019/05/13-18:21:41.531997 387c                   Options.stats_dump_period_sec: 600
2019/05/13-18:21:41.532001 387c                          Options.max_open_files: -1
2019/05/13-18:21:41.532005 387c                          Options.bytes_per_sync: 0
2019/05/13-18:21:41.532008 387c                      Options.wal_bytes_per_sync: 0
2019/05/13-18:21:41.532012 387c       Options.compaction_readahead_size: 0
2019/05/13-18:21:41.532015 387c Compression algorithms supported:
2019/05/13-18:21:41.532020 387c 	kZSTD supported: 0
2019/05/13-18:21:41.532023 387c 	kSnappyCompression supported: 0
2019/05/13-18:21:41.532027 387c 	kBZip2Compression supported: 0
2019/05/13-18:21:41.532031 387c 	kZlibCompression supported: 0
2019/05/13-18:21:41.532034 387c 	kLZ4Compression supported: 0
2019/05/13-18:21:41.532038 387c 	kXpressCompression supported: 0
2019/05/13-18:21:41.532041 387c 	kLZ4HCCompression supported: 0
2019/05/13-18:21:41.532045 387c 	kZSTDNotFinalCompression supported: 0
2019/05/13-18:21:41.532050 387c Fast CRC32 supported: Supported on x86
2019/05/13-18:21:41.532286 387c [c:\users\aretter\code\rocksdb\db\db_impl_open.cc:230] Creating manifest 1 
2019/05/13-18:21:41.537736 387c [c:\users\aretter\code\rocksdb\db\version_set.cc:3406] Recovering from manifest file: MANIFEST-000001
2019/05/13-18:21:41.537804 387c [c:\users\aretter\code\rocksdb\db\column_family.cc:475] --------------- Options for column family [default]:
2019/05/13-18:21:41.537812 387c               Options.comparator: leveldb.BytewiseComparator
2019/05/13-18:21:41.537816 387c           Options.merge_operator: None
2019/05/13-18:21:41.537820 387c        Options.compaction_filter: None
2019/05/13-18:21:41.537823 387c        Options.compaction_filter_factory: None
2019/05/13-18:21:41.537827 387c         Options.memtable_factory: SkipListFactory
2019/05/13-18:21:41.537831 387c            Options.table_factory: BlockBasedTable
2019/05/13-18:21:41.537856 387c            table_factory options:   flush_block_policy_factory: FlushBlockBySizePolicyFactory (00000119547E24C0)
  cache_index_and_filter_blocks: 0
  cache_index_and_filter_blocks_with_high_priority: 0
  pin_l0_filter_and_index_blocks_in_cache: 0
  pin_top_level_index_and_filter: 1
  index_type: 0
  hash_index_allow_collision: 1
  checksum: 1
  no_block_cache: 0
  block_cache: 0000011954848E60
  block_cache_name: LRUCache
  block_cache_options:
    capacity : 8388608
    num_shard_bits : 4
    strict_capacity_limit : 0
    high_pri_pool_ratio: 0.000
  block_cache_compressed: 0000000000000000
  persistent_cache: 0000000000000000
  block_size: 4096
  block_size_deviation: 10
  block_restart_interval: 16
  index_block_restart_interval: 1
  metadata_block_size: 4096
  partition_filters: 0
  use_delta_encoding: 1
  filter_policy: nullptr
  whole_key_filtering: 1
  verify_compression: 0
  read_amp_bytes_per_bit: 0
  format_version: 2
  enable_index_compression: 1
  block_align: 0
2019/05/13-18:21:41.537890 387c        Options.write_buffer_size: 67108864
2019/05/13-18:21:41.537895 387c  Options.max_write_buffer_number: 2
2019/05/13-18:21:41.537899 387c          Options.compression: NoCompression
2019/05/13-18:21:41.537903 387c                  Options.bottommost_compression: Disabled
2019/05/13-18:21:41.537907 387c       Options.prefix_extractor: nullptr
2019/05/13-18:21:41.537911 387c   Options.memtable_insert_with_hint_prefix_extractor: nullptr
2019/05/13-18:21:41.537914 387c             Options.num_levels: 7
2019/05/13-18:21:41.537918 387c        Options.min_write_buffer_number_to_merge: 1
2019/05/13-18:21:41.537921 387c     Options.max_write_buffer_number_to_maintain: 0
2019/05/13-18:21:41.537925 387c            Options.bottommost_compression_opts.window_bits: -14
2019/05/13-18:21:41.537929 387c                  Options.bottommost_compression_opts.level: 32767
2019/05/13-18:21:41.537933 387c               Options.bottommost_compression_opts.strategy: 0
2019/05/13-18:21:41.537937 387c         Options.bottommost_compression_opts.max_dict_bytes: 0
2019/05/13-18:21:41.537941 387c         Options.bottommost_compression_opts.zstd_max_train_bytes: 0
2019/05/13-18:21:41.537945 387c                  Options.bottommost_compression_opts.enabled: false
2019/05/13-18:21:41.537949 387c            Options.compression_opts.window_bits: -14
2019/05/13-18:21:41.537952 387c                  Options.compression_opts.level: 32767
2019/05/13-18:21:41.537956 387c               Options.compression_opts.strategy: 0
2019/05/13-18:21:41.537960 387c         Options.compression_opts.max_dict_bytes: 0
2019/05/13-18:21:41.537964 387c         Options.compression_opts.zstd_max_train_bytes: 0
2019/05/13-18:21:41.537967 387c                  Options.compression_opts.enabled: false
2019/05/13-18:21:41.537971 387c      Options.level0_file_num_compaction_trigger: 4
2019/05/13-18:21:41.537975 387c          Options.level0_slowdown_writes_trigger: 20
2019/05/13-18:21:41.537979 387c              Options.level0_stop_writes_trigger: 36
2019/05/13-18:21:41.537983 387c                   Options.target_file_size_base: 67108864
2019/05/13-18:21:41.537986 387c             Options.target_file_size_multiplier: 1
2019/05/13-18:21:41.537990 387c                Options.max_bytes_for_level_base: 268435456
2019/05/13-18:21:41.537994 387c Options.level_compaction_dynamic_level_bytes: 0
2019/05/13-18:21:41.537998 387c          Options.max_bytes_for_level_multiplier: 10.000000
2019/05/13-18:21:41.538003 387c Options.max_bytes_for_level_multiplier_addtl[0]: 1
2019/05/13-18:21:41.538007 387c Options.max_bytes_for_level_multiplier_addtl[1]: 1
2019/05/13-18:21:41.538011 387c Options.max_bytes_for_level_multiplier_addtl[2]: 1
2019/05/13-18:21:41.538015 387c Options.max_bytes_for_level_multiplier_addtl[3]: 1
2019/05/13-18:21:41.538018 387c Options.max_bytes_for_level_multiplier_addtl[4]: 1
2019/05/13-18:21:41.538022 387c Options.max_bytes_for_level_multiplier_addtl[5]: 1
2019/05/13-18:21:41.538026 387c Options.max_bytes_for_level_multiplier_addtl[6]: 1
2019/05/13-18:21:41.538030 387c       Options.max_sequential_skip_in_iterations: 8
2019/05/13-18:21:41.538033 387c                    Options.max_compaction_bytes: 1677721600
2019/05/13-18:21:41.538037 387c                        Options.arena_block_size: 8388608
2019/05/13-18:21:41.538041 387c   Options.soft_pending_compaction_bytes_limit: 68719476736
2019/05/13-18:21:41.538045 387c   Options.hard_pending_compaction_bytes_limit: 274877906944
2019/05/13-18:21:41.538049 387c       Options.rate_limit_delay_max_milliseconds: 100
2019/05/13-18:21:41.538052 387c                Options.disable_auto_compactions: 0
2019/05/13-18:21:41.538057 387c                        Options.compaction_style: kCompactionStyleLevel
2019/05/13-18:21:41.538061 387c                          Options.compaction_pri: kByCompensatedSize
2019/05/13-18:21:41.538066 387c Options.compaction_options_universal.size_ratio: 1
2019/05/13-18:21:41.538070 387c Options.compaction_options_universal.min_merge_width: 2
2019/05/13-18:21:41.538074 387c Options.compaction_options_universal.max_merge_width: 4294967295
2019/05/13-18:21:41.538078 387c Options.compaction_options_universal.max_size_amplification_percent: 200
2019/05/13-18:21:41.538082 387c Options.compaction_options_universal.compression_size_percent: -1
2019/05/13-18:21:41.538088 387c Options.compaction_options_universal.stop_style: kCompactionStopStyleTotalSize
2019/05/13-18:21:41.538092 387c Options.compaction_options_fifo.max_table_files_size: 1073741824
2019/05/13-18:21:41.538095 387c Options.compaction_options_fifo.allow_compaction: 0
2019/05/13-18:21:41.538099 387c Options.compaction_options_fifo.ttl: 0
2019/05/13-18:21:41.538103 387c                   Options.table_properties_collectors: 
2019/05/13-18:21:41.538107 387c                   Options.inplace_update_support: 0
2019/05/13-18:21:41.538110 387c                 Options.inplace_update_num_locks: 10000
2019/05/13-18:21:41.538114 387c               Options.memtable_prefix_bloom_size_ratio: 0.000000
2019/05/13-18:21:41.538118 387c   Options.memtable_huge_page_size: 0
2019/05/13-18:21:41.538122 387c                           Options.bloom_locality: 0
2019/05/13-18:21:41.538125 387c                    Options.max_successive_merges: 0
2019/05/13-18:21:41.538129 387c                Options.optimize_filters_for_hits: 0
2019/05/13-18:21:41.538133 387c                Options.paranoid_file_checks: 0
2019/05/13-18:21:41.538136 387c                Options.force_consistency_checks: 0
2019/05/13-18:21:41.538140 387c                Options.report_bg_io_stats: 0
2019/05/13-18:21:41.538144 387c                               Options.ttl: 0
2019/05/13-18:21:41.539122 387c [c:\users\aretter\code\rocksdb\db\version_set.cc:3610] Recovered from manifest file:E:\work\src\nuls2.0\module\data\consensus\consensus_deposit11\rocksdb/MANIFEST-000001 succeeded,manifest_file_number is 1, next_file_number is 3, last_sequence is 0, log_number is 0,prev_log_number is 0,max_column_family is 0,min_log_number_to_keep is 0
2019/05/13-18:21:41.539136 387c [c:\users\aretter\code\rocksdb\db\version_set.cc:3618] Column family [default] (ID 0), log number is 0
2019/05/13-18:21:41.543332 387c [c:\users\aretter\code\rocksdb\db\db_impl_open.cc:1287] DB pointer 00000119549EDC20
